t = 0
b =  5.0 5.0 5.0
E = 0. 0. 0.
3.23960348878 0.545790609239 0.35803047262 -0.664695410999 0.627395479966 0.405653697525 0.745815333099 0.52520721091 0.409776615392 0.0 0.0 0.0 0.0 0.0 0.0
3.47003014741 1.02427438124 0.276532392612 -0.564254652663 0.171099630065 0.807676670172 0.745815333099 0.52520721091 0.409776615392 0.0 0.0 0.0 0.0 0.0 0.0
3.57183494021 1.5417603193 0.379144234984 -0.249444117945 -0.350199829931 0.902849772187 0.745815333099 0.52520721091 0.409776615392 0.0 0.0 0.0 0.0 0.0 0.0
3.61677893847 1.9794181951 0.687560711334 0.160134407662 -0.738452519508 0.655015150905 0.745815333099 0.52520721091 0.409776615392 0.0 0.0 0.0 0.0 0.0 0.0
3.69822558 2.24874579585 1.14528791194 0.508875194495 -0.846154750655 0.158329322525 0.745815333099 0.52520721091 0.409776615392 0.0 0.0 0.0 0.0 0.0 0.0
3.89567033813 2.32519239456 1.6391062866 0.664285786999 -0.632388645076 -0.398508462607 0.745815333099 0.52520721091 0.409776615392 0.0 0.0 0.0 0.0 0.0 0.0
4.2445390623 2.25748598173 2.04208464467 0.567323102756 -0.178367520258 -0.803946220089 0.745815333099 0.52520721091 0.409776615392 0.0 0.0 0.0 0.0 0.0 0.0
4.7227291056 2.14912068704 2.26180343658 0.25482488664 0.343418407652 -0.903951367295 0.745815333099 0.52520721091 0.409776615392 0.0 0.0 0.0 0.0 0.0 0.0
5.25900648983 2.11903762919 2.27546648586 -0.154485564356 0.734733940845 -0.660530276805 0.745815333099 0.52520721091 0.409776615392 0.0 0.0 0.0 0.0 0.0 0.0
5.7600688848 2.25643719626 2.13856163777 -0.505104366592 0.846911765815 -0.166162690679 0.745815333099 0.52520721091 0.409776615392 0.0 0.0 0.0 0.0 0.0 0.0
6.14599272351 2.58689032701 1.96377999911 -0.663825575065 0.637333651342 0.391332879728 0.745815333099 0.52520721091 0.409776615392 0.0 0.0 0.0 0.0 0.0 0.0
6.3805975015 3.06262368363 1.87820270269 -0.570348348999 0.185621827074 0.800154546389 0.745815333099 0.52520721091 0.409776615392 0.0 0.0 0.0 0.0 0.0 0.0
6.48519135539 3.58066954157 1.9750206603 -0.260186249433 -0.336610832731 0.904984123007 0.745815333099 0.52520721091 0.409776615392 0.0 0.0 0.0 0.0 0.0 0.0
6.53047574553 4.0219849496 2.27812977723 0.148824956375 -0.730959409349 0.665995100766 0.745815333099 0.52520721091 0.409776615392 0.0 0.0 0.0 0.0 0.0 0.0
6.70906569318 3.14483365838 3.07732389815 -0.148824956375 0.730959409349 -0.665995100766 -0.745815333099 -0.52520721091 -0.409776615392 0.0 0.0 0.0 0.0 0.0 0.0
6.17296785607 3.17673654229 3.06100160791 0.260186249433 0.336610832731 -0.904984123007 -0.745815333099 -0.52520721091 -0.409776615392 0.0 0.0 0.0 0.0 0.0 0.0
5.6961794827 3.28536987612 2.83838815836 0.570348348999 -0.185621827074 -0.800154546389 -0.745815333099 -0.52520721091 -0.409776615392 0.0 0.0 0.0 0.0 0.0 0.0
5.34940203343 3.35169070862 2.43337945478 0.663825575065 -0.637333651342 -0.391332879728 -0.745815333099 -0.52520721091 -0.409776615392 0.0 0.0 0.0 0.0 0.0 0.0
5.15394364489 3.27273131524 1.93916640896 0.505104366592 -0.846911765815 0.166162690679 -0.745815333099 -0.52520721091 -0.409776615392 0.0 0.0 0.0 0.0 0.0 0.0
5.0736238126 3.0007183582 1.4828301537 0.154485564356 -0.734733940845 0.660530276805 -0.745815333099 -0.52520721091 -0.409776615392 0.0 0.0 0.0 0.0 0.0 0.0
5.02851896957 2.56122277622 1.17706179582 -0.25482488664 -0.343418407652 0.903951367295 -0.745815333099 -0.52520721091 -0.409776615392 0.0 0.0 0.0 0.0 0.0 0.0
4.92532678561 2.04344495742 1.07734918057 -0.567323102756 0.178367520258 0.803946220089 -0.745815333099 -0.52520721091 -0.409776615392 0.0 0.0 0.0 0.0 0.0 0.0
4.69281328253 1.56632602047 1.16089613147 -0.664285786999 0.632388645076 0.398508462607 -0.745815333099 -0.52520721091 -0.409776615392 0.0 0.0 0.0 0.0 0.0 0.0
4.3088758134 1.23336009506 1.33528309897 -0.508875194495 0.846154750655 -0.158329322525 -0.745815333099 -0.52520721091 -0.409776615392 0.0 0.0 0.0 0.0 0.0 0.0
3.80894022767 1.09327517169 1.47357889242 -0.160134407662 0.738452519508 -0.655015150905 -0.745815333099 -0.52520721091 -0.409776615392 0.0 0.0 0.0 0.0 0.0 0.0
3.27250199867 1.12152052338 1.46256396161 0.249444117945 0.350199829931 -0.902849772187 -0.745815333099 -0.52520721091 -0.409776615392 0.0 0.0 0.0 0.0 0.0 0.0
2.79292456422 1.22959393732 1.24574439682 0.564254652663 -0.171099630065 -0.807676670172 -0.745815333099 -0.52520721091 -0.409776615392 0.0 0.0 0.0 0.0 0.0 0.0
2.44196899559 1.2986651852 0.844814909649 0.664695410999 -0.627395479966 -0.405653697525 -0.745815333099 -0.52520721091 -0.409776615392 0.0 0.0 0.0 0.0 0.0 0.0
